<?xml version="1.0"?>
<opencv_storage>
<calibration_time>"2017年07月13日 星期四 15时55分00秒"</calibration_time>
<nFrames>17</nFrames>
<flags>0</flags>
<camera_matrix type_id="opencv-matrix">
  <rows>3</rows>
  <cols>3</cols>
  <dt>d</dt>
  <data>
    8.3416290415613616e+02 4.8549975919549343e-01 6.5655852711062960e+02
    0. 8.3858838364907263e+02 4.8302429003221181e+02 0. 0. 1.</data></camera_matrix>
<distortion_coefficients type_id="opencv-matrix">
  <rows>1</rows>
  <cols>4</cols>
  <dt>d</dt>
  <data>
    -1.5147412854695577e-01 6.8908471685127953e-02
    3.8581006582775975e-03 1.1454961526697598e-03</data></distortion_coefficients>
<xi>1.8665349586427611e+00</xi>
<used_imgs>
  "./image/origin_left0.jpg" "./image/origin_left1.jpg"
  "./image/origin_left2.jpg" "./image/origin_left3.jpg"
  "./image/origin_left6.jpg" "./image/origin_left7.jpg"
  "./image/origin_left8.jpg" "./image/origin_left9.jpg"
  "./image/origin_left10.jpg" "./image/origin_left11.jpg"
  "./image/origin_left12.jpg" "./image/origin_left13.jpg"
  "./image/origin_left14.jpg" "./image/origin_left15.jpg"
  "./image/origin_left16.jpg" "./image/origin_left17.jpg"
  "./image/origin_left18.jpg"</used_imgs>
<extrinsic_parameters type_id="opencv-matrix">
  <rows>17</rows>
  <cols>6</cols>
  <dt>d</dt>
  <data>
    8.6059699473918200e-02 -6.9128073988042527e-01
    -9.7021151500662844e-02 -2.7960116749186795e+02
    -7.4556885221440552e+01 1.1814773685646911e+02
    -3.0695605366040657e-01 -8.0030374801550001e-03
    2.8626359973955930e-02 -3.1314495488190090e+01
    4.6054820028774927e+01 2.3007414976830754e+02
    -6.7807074152634816e-01 5.2060495019308528e-01
    -2.5922360496500940e-01 1.2932031219186069e+02
    -4.3667726202927220e+01 2.8629559212313615e+02
    2.8248123638941458e-01 -1.0838394569912519e+00
    2.2806269772608827e+00 4.7484090728744635e+00
    -1.6350136354844199e+02 1.3617398889199967e+02
    -5.5248829048333814e-01 -4.1758506967598702e-01
    -2.6670679912064852e+00 1.0479336981628690e+02
    3.5875216085354504e+02 1.0184114167663877e+02 5.2548810643088728e-01
    -1.0588494996300117e-01 5.3005792374765291e-02
    -1.0792186248916289e+02 -1.5448734323397693e+02
    1.9260492289424778e+02 7.5319567874377102e-01 8.3818219353112455e-01
    -2.3643041874577135e+00 -6.6444846612059919e+01
    -9.7813101416745795e+01 2.6047254977292960e+02
    2.0412941700835729e-01 3.0067184606303976e-01 1.9229283479855649e-01
    7.5700573714767415e+01 -4.4719169001660831e+01
    2.1611814573171625e+02 -1.0458228311589579e+00
    -3.3194385800904447e-02 -7.9425975396916260e-02
    -5.2646311576219304e+01 1.1728770116849789e+02
    3.4166696792840685e+02 -4.4982377092927245e-01
    -3.3003819608715501e-01 -1.1469506291170986e-02
    -2.0813487751585802e+02 -1.4923765596747026e+02
    2.3173123909003328e+02 1.8309428346462520e-01
    -3.5165402916134902e-02 -2.6172976374333867e+00
    6.9523148954128814e+01 1.6352022314921916e+02 4.0800300765296936e+02
    8.8710115393383560e-01 -2.4231182199944762e-01
    2.7645893119685550e+00 3.5274662751260098e+02 1.5868364792799358e+02
    3.5332142425069856e+02 3.5899797461881833e-01
    -4.8124549589105853e-01 2.8000231231145918e+00
    1.6150557935866965e+02 -1.4563594258822903e+02
    1.8605006686067901e+02 1.2134806959306961e+00
    -5.8041653908493374e-01 -2.7601408161318108e+00
    -2.3873121231687171e+02 3.2087843844037690e+02
    1.8720984916647359e+02 -4.5941925182530141e-01
    -7.6707035279917979e-01 -2.5382948670841832e+00
    2.0324091402971928e+02 3.8431548210000921e+02 1.7383585176523692e+02
    1.6354447883863951e-01 -1.3256991432136933e+00
    -2.4315620303832248e+00 8.7042219394767650e-01
    4.4711378989716809e+02 1.3317119329506474e+02 8.8686554368935888e-01
    -1.6036410819724939e-01 -2.3907696507915648e+00
    -1.6321963992010575e+02 6.8989932901330306e+01
    4.3712711306791692e+02</data></extrinsic_parameters>
<rms>5.6956765972545353e-01</rms>
<image_points type_id="opencv-matrix">
  <rows>18</rows>
  <cols>54</cols>
  <dt>"2d"</dt>
  <data>
    3.3243753051757812e+02 3.9655999755859375e+02 3.5328430175781250e+02
    3.9265307617187500e+02 3.7547012329101562e+02 3.8945794677734375e+02
    3.9948529052734375e+02 3.8643975830078125e+02 4.2426693725585938e+02
    3.8351800537109375e+02 4.4937728881835938e+02 3.8172534179687500e+02
    3.3043643188476562e+02 4.2502783203125000e+02 3.5149337768554688e+02
    4.2083795166015625e+02 3.7420672607421875e+02 4.1752099609375000e+02
    3.9763793945312500e+02 4.1436471557617188e+02 4.2262878417968750e+02
    4.1137188720703125e+02 4.4854891967773438e+02 4.0920339965820312e+02
    3.3080902099609375e+02 4.5463201904296875e+02 3.5214797973632812e+02
    4.5063815307617188e+02 3.7443713378906250e+02 4.4657247924804688e+02
    3.9829705810546875e+02 4.4357781982421875e+02 4.2334262084960938e+02
    4.4048428344726562e+02 4.4841220092773438e+02 4.3739508056640625e+02
    3.3212664794921875e+02 4.8408789062500000e+02 3.5369128417968750e+02
    4.8053521728515625e+02 3.7629278564453125e+02 4.7669522094726562e+02
    3.9954440307617188e+02 4.7307443237304688e+02 4.2457748413085938e+02
    4.6950244140625000e+02 4.5027590942382812e+02 4.6635354614257812e+02
    3.3593994140625000e+02 5.1364746093750000e+02 3.5731924438476562e+02
    5.0973110961914062e+02 3.7965036010742188e+02 5.0645016479492188e+02
    4.0261425781250000e+02 5.0247036743164062e+02 4.2762655639648438e+02
    4.9931188964843750e+02 4.5333258056640625e+02 4.9555059814453125e+02
    3.4145748901367188e+02 5.4253887939453125e+02 3.6249896240234375e+02
    5.3874688720703125e+02 3.8446963500976562e+02 5.3530413818359375e+02
    4.0794177246093750e+02 5.3159307861328125e+02 4.3250000000000000e+02
    5.2794305419921875e+02 4.5777899169921875e+02 5.2371478271484375e+02
    3.4846133422851562e+02 5.7008502197265625e+02 3.6877725219726562e+02
    5.6711462402343750e+02 3.9093133544921875e+02 5.6348944091796875e+02
    4.1439492797851562e+02 5.5950634765625000e+02 4.3852062988281250e+02
    5.5627923583984375e+02 4.6281130981445312e+02 5.5152728271484375e+02
    3.5674255371093750e+02 5.9643957519531250e+02 3.7690673828125000e+02
    5.9339300537109375e+02 3.9845858764648438e+02 5.8968487548828125e+02
    4.2183193969726562e+02 5.8566937255859375e+02 4.4482507324218750e+02
    5.8214929199218750e+02 4.6905728149414062e+02 5.7761395263671875e+02
    3.6623629760742188e+02 6.2024981689453125e+02 3.8643389892578125e+02
    6.1741699218750000e+02 4.0755117797851562e+02 6.1376678466796875e+02
    4.2946231079101562e+02 6.1079516601562500e+02 4.5243438720703125e+02
    6.0624212646484375e+02 4.7548040771484375e+02 6.0104168701171875e+02
    6.1750683593750000e+02 5.4004284667968750e+02 652. 542.
    6.8004931640625000e+02 5.4252954101562500e+02 7.1061468505859375e+02
    5.4257171630859375e+02 7.4028961181640625e+02 5.4264324951171875e+02
    7.6775079345703125e+02 5.4240270996093750e+02 6.1605773925781250e+02
    5.7152484130859375e+02 6.4774151611328125e+02 5.7260211181640625e+02
    6.7935290527343750e+02 5.7367694091796875e+02 7.1085247802734375e+02
    5.7360937500000000e+02 7.4065966796875000e+02 5.7296130371093750e+02
    7.6848120117187500e+02 5.7200830078125000e+02 6.1511987304687500e+02
    6.0249871826171875e+02 6.4698760986328125e+02 6.0403601074218750e+02
    6.7887219238281250e+02 6.0458227539062500e+02 7.1013555908203125e+02
    6.0481207275390625e+02 7.4059686279296875e+02 6.0356054687500000e+02
    7.6931964111328125e+02 6.0179888916015625e+02 6.1428302001953125e+02
    6.3354571533203125e+02 6.4648895263671875e+02 6.3464611816406250e+02
    6.7772564697265625e+02 6.3534344482421875e+02 7.0953637695312500e+02
    6.3494885253906250e+02 7.4017199707031250e+02 6.3352447509765625e+02
    7.6826556396484375e+02 6.3120257568359375e+02 6.1375109863281250e+02
    6.6270965576171875e+02 6.4545422363281250e+02 6.6376855468750000e+02
    6.7714447021484375e+02 6.6414190673828125e+02 7.0851348876953125e+02
